1367
2831
4132
5357
5865
5989
7441
8469
9964
10329
10970
12604
13667
13671
14625
14701
15349
15852
16135
18490
18800
19602
19696
20607
22031
22969
23413
24566
25106
26493
28582
28711
29980
30459
32789
33542
36094
36988
37012
38964
40472
41945
43083
43968
44893
46778
53255
54261
54503
54538
54664
56394
57697
58369
60628
62587
63156
65200
65250
65922
66099
68356
68806
69733
69894
70627
71655
72128
72454
74203
76657
78721
79913
80192
80922
81741
82360
82616
85723
86736
87610
89026
89117
90644
92425
93564
93928
94264
94379
94482
96434
97123
97588
99580
99807
102325
104539
105063
106791
106924
107058
107170
108699
110578
110615
111786
112178
113392
114839
115728
117242
118168
118557
119456
120932
121233
121767
122175
122674
123077
124469
124567
125023
125596
125690
125773
129740
130433
134116
134684
134695
135504
137451
137824
137883
138637
139021
139797
141054
141245
143117
146395
147996
148108
148304
151252
151528
153613
153963
154192
154298
155378
157504
157733
158755
162568
163325
164407
165342
167494
169006
170052
170147
172957
173428
173471
174177
174364
174492
174799
175256
175619
176629
178112
180055
181024
183713
183874
185541
186033
186086
186113
186358
186825
189208
190767
192405
192630
193338
195886
196226
198221
199005
199260
200591
204436
204666
205190
205430
205935
207253
207658
207668
208229
208659
214153
218622
218756
220730
220879
221530
222050
222265
222343
223934
224349
224459
224722
227771
230327
232255
232843
233556
234017
234192
235310
235724
236275
237438
238468
238759
239229
240112
241705
242917
243747
244402
245693
246554
246840
247329
249577
249950
250190
250699
250992
253065
259448
260470
263598
263979
264868
266544
266974
267114
269145
269199
269763
270374
270682
271132
271390
271595
272547
273345
273486
273657
275374
276302
278029
278317
280967
281805
282469
283815
285430
286400
286736
286960
289132
289583
289625
290103
290918
291105
291424
294299
294996
297532
297557
297805
299927
301868
301922
301938
302861
305772
305984
306034
308275
308753
309580
310913
311801
311948
312208
313932
314499
314535
314631
314947
315626
315973
318008
321471
321584
321841
322716
325250
325339
325747
327046
327097
328092
329766
329816
330992
331796
332087
332187
334281
335824
337154
337546
337909
339823
339885
340184
340189
340339
341675
342696
343022
345061
345597
345626
346111
346449
346777
347178
347761
347902
348486
348879
349095
349718
350256
351450
352862
353389
355000
356910
357910
359415
359804
361194
361438
361703
361747
362344
362546
364084
365404
368196
368595
369167
372179
373154
373557
374843
375242
375454
375911
377657
377755
379265
379337
379557
379604
380191
380501
380655
381146
381695
382293
384157
384458
385705
387529
388401
391964
393123
393504
393909
394210
398529
399586
399795
400461
401170
401376
401381
401542
403128
403164
403361
404937
406517
407462
408186
409376
410483
410722
413159
414838
415200
418069
421350
421775
421824
422607
424380
424691
425561
426486
428071
431872
433178
433561
434259
435472
436586
436995
437037
437270
438148
438514
438993
441145
445884
448636
449751
452710
453566
454236
454324
455421
455479
455618
455756
456233
457016
457271
458214
459119
459174
461788
462287
463240
463804
464932
465136
465345
466760
467137
471757
471834
474828
474893
475215
475904
476362
478804
479078
480034
480148
480581
480808
482633
483037
483429
484164
485979
486332
487120
487508
487525
487661
488005
488261
489122
491706
492617
493718
494147
495830
498627
500277
501084
501086
502744
505349
506363
506882
507558
508178
510130
511465
511500
512239
512252
513656
513987
514401
515090
515770
516521
517967
518269
518669
518705
520884
520981
521832
523980
525474
526467
531486
531506
532088
534818
535606
538140
539539
540899
542326
543545
544055
544613
545037
545226
546026
546049
546475
546565
547179
548071
549499
549956
550359
550709
551007
551419
551758
552487
554061
554482
556497
557329
557539
558131
559859
561163
561800
566344
567695
568001
568178
568940
569044
569180
569365
569684
570458
571034
571889
572741
572887
574190
574734
575059
576282
577035
577563
578690
579855
580071
583496
584054
584327
584809
586711
587780
588814
592066
592872
593339
594926
595201
600310
600827
601607
604236
604409
604676
604862
608916
609789
612780
613728
617790
619837
620995
621242
623221
623900
624138
625162
625825
626389
627443
627561
628236
629405
629529
629947
630024
630411
631386
632394
633761
635225
635269
635801
635833
636463
636858
636998
638745
638801
638831
639121
646116
647290
648992
649027
650425
650447
650576
651408
653172
653467
653773
654041
655386
657274
658104
658658
659476
661633
663019
663170
664015
664999
665120
665800
667312
667718
670202
670986
674039
674553
677632
678289
679290
681281
682004
682547
685180
685182
686834
687134
687920
688050
688299
688572
690527
690755
691822
692449
693669
693837
695698
695711
695745
698619
699196
699448
699492
699695
699899
701137
702076
703993
704346
704718
705468
705838
706435
706784
706850
706991
706993
710832
711522
711607
712775
714747
715502
716222
716657
717932
718550
720771
721058
722064
722479
724023
726894
729118
729637
732508
733228
734125
736061
736119
736364
736397
736742
737814
738080
738097
738389
739660
739686
740665
744889
744937
745759
747063
747480
748816
748866
749206
750517
751079
751571
753110
753221
753844
754428
754644
755821
758826
759199
761676
761741
763891
764234
764501
765125
765867
767156
767306
768202
768561
769484
769583
769637
770501
771050
771754
772832
773256
773385
773626
774732
774959
775377
775836
776002
776013
776034
778651
779162
780150
780659
781955
783096
788530
790937
792014
794198
795884
798041
800803
803389
805394
805498
805540
808201
808643
809749
810465
811562
812155
813037
813934
814114
816465
816503
816976
817075
818230
818309
818573
818653
819247
820393
821766
823371
824105
824437
826877
827368
827985
828328
829725
830490
830554
830716
830865
830972
832005
832386
837889
838784
839732
839737
840121
847022
847677
847709
850009
851078
851132
852366
852842
852994
854071
858696
858841
859043
860370
860782
861796
862613
863460
864504
869492
870025
870248
870367
870540
870991
872627
875860
876316
876756
876931
877541
879793
880335
882603
882979
883015
883396
884865
885418
887555
889725
891175
891351
891395
891882
891968
892168
892250
892842
894220
894348
895467
895490
896225
897034
897311
898071
898738
899059
900201
906123
906512
906733
907665
908189
909724
910249
912802
913579
914152
914594
915264
916344
917193
917886
919232
919811
923111
924292
926210
926818
927326
927648
931347
934176
934559
936764
937345
939554
939664
941582
942253
943604
945822
948406
949852
949855
951580
951615
960175
960262
961266
961769
963083
964080
964268
965652
967515
967533
968791
969775
971984
972195
972295
973511
974315
976286
977036
978995
979385
980222
981054
981145
981926
983288
983818
986341
987559
988865
989088
989677
990743
991787
992731
993147
993660
995700
997370
998610
999269